67.78
98.02
50.84
96.77
50.02
97.00
49.53
97.23
49.33
97.39
88.00
86.30
84.19
82.31
85.42
91.41
90.23
90.03
89.39
88.52
53.67
94.28
50.52
79.91
49.47
55.77
50.61
52.91
49.61
51.12
98.31
97.52
97.73
97.53
97.38
97.58
97.41
96.69
97.58
97.02
83.84
51.48
49.47
79.08
50.31
49.89
49.48
49.92
49.92
49.31
95.03
70.12
68.06
80.98
93.94
96.72
95.89
98.11
95.73
94.17
93.25
99.50
94.61
98.88
76.17
99.09
92.06
93.31
97.62
98.83
98.11
99.22
95.80
89.89
49.42
78.89
81.23
78.80
59.03
78.67
87.81
91.30
93.69
95.81
93.69
94.08
95.03
94.30
94.00
94.42
55.41
59.34
65.31
71.11
57.39
75.17
65.03
64.25
64.56
67.59
