67.61
97.94
51.11
97.11
50.41
97.00
49.48
97.16
49.06
97.31
88.22
86.36
84.14
82.61
85.55
91.39
90.06
89.78
89.23
88.52
56.59
95.83
51.23
81.23
48.88
56.05
49.64
54.00
49.89
51.25
98.41
97.88
97.80
97.61
97.41
97.72
97.59
96.94
97.59
97.27
87.31
51.48
50.47
82.95
49.89
50.48
49.59
49.27
49.75
48.95
95.31
69.61
68.38
80.89
93.89
97.22
96.17
98.03
95.69
93.89
93.44
99.55
94.45
99.00
76.17
99.25
91.91
93.34
97.12
99.12
98.22
98.78
95.89
92.20
49.94
80.64
81.17
81.33
57.09
81.42
87.16
90.83
93.31
95.92
94.44
94.44
95.11
94.45
93.91
93.98
54.66
59.80
64.78
69.34
56.66
73.67
63.52
62.25
63.56
63.81
