86.86
95.08
70.06
90.64
63.41
86.70
50.33
72.91


79.22
65.45
64.89


83.92
80.17
71.61
74.89

56.97
50.16
49.33
50.47
50.52
51.09
49.31
50.75
50.66
51.28
97.05
92.20
92.27
93.12
92.73
92.61
90.92
91.38
89.30
85.98
89.59
51.48
50.00
70.97
49.56
49.12
49.66
49.72
50.16
51.67
99.75
51.31
53.16
76.23
92.44
99.38
94.30
99.61
88.81
85.89
88.55
99.08
82.48
98.53
76.17
99.03
83.75
81.14
95.23
99.88
97.92
98.47
93.77
92.12
50.78
85.16
85.33
80.86
58.42
80.86
89.30
90.56
93.64
96.69
94.67
94.78
95.89
95.20
94.27
94.48
