base_name acc_tree
66.953125
97.8125
50.9375
97.328125
51.0
97.125
49.609375
97.390625
49.59375
97.46875
87.90625
86.890625
83.59375
82.4375
85.265625
91.71875
90.234375
90.09375
89.46875
88.78125
57.296875
95.765625
50.484375
82.0
48.890625
56.3125
50.6875
53.5625
49.953125
50.734375
98.359375
97.828125
97.78125
97.640625
97.28125
97.59375
97.40625
97.078125
97.421875
97.21875
87.1875
100.0
50.875
82.125
50.15625
50.57812499999999
49.765625
49.375
50.390625
49.359375
95.359375
70.03125
68.3125
81.09375
93.84375
97.03125
96.078125
98.21875
95.8125
94.21875
93.21875
99.515625
94.71875
99.0625
100.0
99.3125
91.90625
93.265625
97.140625
99.265625
98.0625
98.71875
96.0625
92.28125
49.234375
80.765625
81.015625
81.421875
57.9375
80.78125
87.3125
90.359375
93.46875
95.6875
94.1875
94.703125
95.1875
94.484375
93.59375
93.75
53.98437499999999
59.609375
62.31250000000001
67.453125
56.359375
72.828125
63.6875
61.53125000000001
62.57812499999999
63.796875
