base_name acc_tree
67.078125
97.9375
51.046875
97.21875
50.31250000000001
97.15625
49.390625
97.265625
48.921875
97.390625
88.328125
86.390625
83.390625
82.921875
86.171875
91.390625
90.21875
89.90625
89.484375
88.71875
53.75
94.53125
50.71875
80.390625
49.53125
56.39062500000001
50.57812499999999
52.59374999999999
49.75
51.03124999999999
98.3125
97.671875
97.71875
97.53125
97.59375
97.46875
97.46875
96.84375
97.484375
97.171875
83.78125
100.0
49.0
79.328125
49.734375
50.28125
49.84375
49.34375
49.859375
49.53125
94.890625
70.140625
68.375
80.359375
93.890625
96.96875
96.078125
98.0625
95.78125
93.765625
93.59375
99.515625
94.5625
98.96875
100.0
99.21875
92.03125
93.734375
97.515625
98.875
98.0625
99.15625
95.59375
89.84375
49.359375
78.578125
81.296875
78.984375
59.01562500000001
78.765625
87.6875
91.125
93.484375
95.890625
93.578125
93.84375
94.890625
94.53125
93.828125
94.3125
55.484375
59.18750000000001
65.15625
70.59375
57.421875
74.71875
64.78125
63.81250000000001
64.703125
67.78125
