base_name acc_tree
66.953125
97.890625
50.9375
97.328125
51.0
97.125
49.328125
97.328125
49.59375
97.46875
87.75
86.875
83.59375
82.4375
85.109375
91.40625
90.234375
90.296875
89.46875
88.78125
56.8125
95.890625
51.0625
82.0
48.890625
56.90625
50.6875
53.5625
49.953125
50.5625
98.359375
97.859375
97.78125
97.75
97.5625
97.703125
97.640625
97.0
97.65625
97.359375
87.1875
100.0
50.4375
82.25
50.15625
49.859375
49.765625
48.8125
50.03125000000001
49.359375
95.359375
70.03125
68.3125
81.078125
94.0625
97.078125
96.078125
98.09375
95.8125
94.203125
93.203125
99.578125
94.71875
99.0625
100.0
99.265625
91.90625
93.421875
97.140625
99.28125
98.0625
98.703125
96.0625
92.125
49.390625
80.765625
81.015625
81.0625
57.9375
80.796875
86.796875
90.40625
93.9375
95.765625
94.5625
94.765625
95.09375
94.171875
93.9375
94.09375
54.96875
59.28125
63.85937499999999
68.0625
56.140625
73.6875
63.59375000000001
62.64062500000001
63.59375000000001
63.71875
