base_name acc_tree
66.953125
97.671875
51.4375
97.328125
51.0
97.125
48.875
97.421875
49.59375
97.46875
87.875
86.796875
83.59375
82.4375
85.421875
91.328125
90.234375
89.71875
89.390625
88.78125
56.796875
95.96875
51.09375000000001
82.0
48.890625
56.734375
50.6875
53.78125
49.953125
50.546875
98.359375
97.953125
97.78125
97.78125
97.53125
97.53125
97.84375
97.109375
97.5625
97.359375
87.1875
100.0
50.20312500000001
81.5625
50.828125
50.46874999999999
49.765625
48.921875
49.78125
49.359375
95.359375
70.03125
68.3125
80.765625
93.765625
97.0625
96.078125
98.03125
95.703125
94.0
93.25
99.5625
94.5
99.0625
100.0
99.296875
91.90625
93.546875
97.21875
99.140625
98.0625
98.75
96.0625
92.4375
49.234375
80.765625
81.1875
81.1875
57.9375
80.6875
87.421875
90.359375
93.40625
95.875
94.1875
94.609375
95.1875
94.09375
93.875
94.125
54.390625
58.56249999999999
62.625
68.21875
56.875
72.875
63.71875
61.9375
63.15625
63.6875
