base_name acc_tree
66.953125
98.078125
50.9375
97.328125
51.0
97.125
49.578125
97.359375
49.59375
97.46875
88.1875
86.515625
83.59375
82.4375
85.140625
91.71875
90.234375
90.09375
89.46875
88.78125
57.15625
96.1875
50.671875
82.0
48.890625
56.15625
50.6875
53.5625
49.953125
51.734375
98.359375
97.875
97.78125
97.703125
97.28125
97.78125
97.640625
97.078125
97.84375
97.0625
87.1875
100.0
50.64062499999999
82.515625
50.15625
50.90625
49.765625
49.046875
50.24999999999999
49.359375
95.359375
70.03125
68.3125
80.921875
93.75
97.03125
96.078125
98.015625
95.8125
93.9375
93.21875
99.515625
94.71875
99.0625
100.0
99.3125
91.90625
93.09375
97.140625
99.265625
98.0625
98.703125
96.0625
91.921875
49.234375
80.765625
81.21875
81.421875
57.9375
81.015625
87.234375
90.328125
93.75
95.515625
94.28125
94.6875
95.1875
94.125
93.59375
94.0625
54.21875000000001
59.45312499999999
63.375
68.234375
57.25
73.125
63.46874999999999
61.85937500000001
62.828125
63.48437500000001
