base_name acc_tree
66.953125
97.984375
51.4375
97.328125
51.0
97.125
49.546875
97.296875
49.59375
97.46875
87.515625
86.59375
83.59375
82.4375
85.421875
91.40625
90.234375
89.71875
89.390625
88.78125
56.6875
95.796875
51.0625
82.0
48.890625
56.125
50.6875
53.78125
49.953125
51.65625
98.359375
97.953125
97.78125
97.640625
97.53125
97.578125
97.671875
97.109375
97.578125
97.21875
87.1875
100.0
51.15625
82.359375
50.828125
50.20312500000001
49.765625
49.15625
50.18749999999999
49.359375
95.359375
70.03125
68.3125
80.734375
94.09375
97.078125
96.078125
97.921875
95.703125
94.078125
93.203125
99.515625
94.5
99.0625
100.0
99.296875
91.90625
93.375
97.21875
99.28125
98.0625
98.6875
96.0625
92.015625
49.234375
80.765625
80.859375
81.0625
57.9375
81.21875
87.6875
90.359375
93.796875
95.65625
94.1875
94.859375
95.1875
94.5625
93.4375
93.703125
54.359375
59.703125
62.74999999999999
67.828125
56.28125000000001
73.0625
63.81250000000001
61.328125
63.296875
63.53124999999999
