base_name acc_tree
67.625
97.875
51.76562500000001
97.203125
50.546875
96.78125
49.359375
97.59375
49.53125
97.546875
87.828125
86.484375
84.1875
82.234375
85.25
91.65625
90.53125
90.515625
89.6875
88.0625
56.90625
95.640625
50.64062499999999
81.09375
49.453125
56.10937499999999
50.15625
53.6875
50.34375
50.59375000000001
98.28125
97.71875
97.703125
97.765625
97.40625
97.640625
97.53125
96.703125
97.6875
97.203125
87.265625
100.0
50.46874999999999
82.265625
50.546875
51.35937499999999
50.046875
48.875
50.125
49.140625
95.34375
69.328125
68.46875
80.859375
94.046875
96.953125
95.9375
98.140625
95.515625
94.109375
93.203125
99.5
94.78125
99.046875
100.0
99.296875
92.140625
93.59375
97.15625
99.125
97.9375
98.78125
95.9375
92.25
50.15625
81.078125
81.265625
80.796875
57.23437500000001
81.234375
87.203125
90.578125
93.734375
95.609375
94.09375
94.59375
95.359375
94.4375
93.515625
93.734375
54.390625
58.78124999999999
61.984375
67.640625
56.703125
73.5
63.625
61.421875
62.71875
63.890625
