base_name acc_tree
50.328125
87.296875
49.125
87.578125
49.453125
87.453125
49.15625
87.03125
50.71875
87.546875
74.0
74.25
74.890625
74.5
73.875
83.046875
83.296875
83.5625
84.3125
83.984375
51.09375000000001
50.31250000000001
50.42187500000001
49.765625
50.14062500000001
49.453125
49.484375
48.96875
49.53125
49.90625
87.390625
87.546875
87.015625
86.65625
87.359375
87.34375
87.5625
87.875
87.265625
87.296875
54.25
70.34375
50.03125000000001
53.28125
49.140625
50.09375
49.703125
49.109375
49.6875
49.46875
82.046875
57.8125
61.84375
77.484375
87.203125
90.65625
96.25
97.15625
87.96875
87.140625
82.546875
96.515625
86.421875
90.3125
97.890625
89.640625
84.25
84.96875
95.5
93.65625
93.234375
90.484375
89.171875
68.671875
50.6875
65.109375
78.765625
78.765625
62.796875
78.765625
74.21875
81.34375
84.5625
84.609375
80.828125
84.640625
86.328125
87.25
84.8125
87.078125
54.71875000000001
57.95312500000001
65.0
68.65625
57.328125
74.609375
62.64062500000001
62.14062500000001
63.734375
66.078125
