base_name acc_tree
66.953125
97.859375
51.4375
97.328125
51.0
97.125
49.640625
97.421875
49.59375
97.46875
88.125
86.796875
83.59375
82.4375
85.359375
91.328125
90.234375
89.71875
89.390625
88.78125
56.75
95.796875
51.09375000000001
82.0
48.890625
57.21874999999999
50.6875
53.78125
49.953125
50.765625
98.359375
97.953125
97.78125
97.78125
97.53125
97.84375
97.609375
97.109375
97.5625
97.359375
87.1875
100.0
50.671875
82.046875
50.828125
50.796875
49.765625
49.015625
49.609375
49.359375
95.359375
70.03125
68.3125
80.765625
93.90625
97.0625
96.078125
97.96875
95.703125
93.78125
93.25
99.5625
94.5
99.0625
100.0
99.296875
91.90625
93.34375
97.21875
99.140625
98.0625
98.796875
96.0625
92.484375
49.234375
80.765625
80.921875
81.1875
57.9375
80.6875
87.421875
90.359375
93.53125
95.484375
94.1875
94.609375
95.1875
94.09375
93.875
93.96875
54.578125
59.703125
63.14062499999999
68.34375
57.140625
72.953125
63.46874999999999
61.65625
63.328125
63.9375
