base_name acc_tree
66.953125
97.984375
50.734375
97.40625
50.40625
97.140625
48.875
97.296875
49.515625
97.6875
87.515625
86.609375
83.59375
82.515625
85.421875
91.46875
90.296875
90.125
89.421875
88.78125
56.796875
95.96875
50.453125
82.0
48.890625
56.734375
50.015625
53.8125
49.953125
50.546875
98.359375
97.875
97.78125
97.703125
97.359375
97.53125
97.84375
96.875
97.84375
97.0625
87.1875
100.0
50.20312500000001
82.359375
49.859375
50.20312500000001
49.5
48.921875
49.78125
49.6875
95.359375
69.859375
68.3125
80.921875
93.953125
97.109375
96.078125
97.921875
95.5
94.078125
93.28125
99.515625
94.328125
99.015625
100.0
99.34375
91.90625
93.546875
97.171875
99.21875
98.0625
98.75
96.0625
92.4375
49.234375
80.765625
81.1875
81.359375
57.65625
81.015625
87.125
90.46875
93.796875
95.875
94.171875
94.359375
95.109375
94.125
93.609375
94.125
54.09374999999999
58.84374999999999
62.609375
67.71875
57.49999999999999
72.875
63.81250000000001
62.015625
63.42187500000001
63.31250000000001
