base_name acc_tree
59.828125
93.96875
48.96875
93.9375
49.84375
93.53125
49.6875
93.703125
50.828125
94.359375
80.765625
79.984375
80.125
79.6875
80.4375
87.28125
86.9375
87.1875
87.390625
86.734375
50.42187500000001
75.4375
49.5
62.875
50.15625
50.18749999999999
49.6875
49.828125
50.453125
51.015625
93.375
93.59375
93.625
93.609375
94.28125
94.0
94.046875
93.671875
94.15625
93.671875
61.71875
84.25
49.40625
59.84374999999999
49.65625
49.828125
50.5625
49.15625
49.5625
50.03125000000001
90.4375
64.03125
69.0625
80.078125
93.796875
98.640625
96.578125
97.75
93.3125
92.078125
90.3125
96.515625
92.0
93.546875
98.765625
95.5625
89.171875
89.015625
96.078125
97.03125
96.109375
96.234375
96.65625
72.8125
50.390625
70.171875
79.15625
79.15625
61.96874999999999
79.15625
80.40625
85.453125
90.75
91.796875
85.6875
91.265625
91.375
90.28125
90.578125
92.78125
56.99999999999999
60.453125
67.046875
71.46875
59.140625
76.421875
64.953125
64.1875
66.046875
69.40625
